100
148381492 916918972
115329436 531081464
529576759 675268592
173658074 689798254
113981342 303792164
529661646 934459939
157355954 676456462
649042123 265476879
527896183 602671053
641726889 999134569
560382745 468448316
686560676 690557430
308037536 772972915
271319764 990069634
381718273 242943361
506043550 562789555
235400380 321408622
989657495 918303005
222548672 881851382
365580137 205244909
257399296 257180267
352158153 486910709
765293372 501192952
364460774 508285631
313285643 220736209
513562715 189343412
253854199 150382131
221137545 656135392
806692832 937796174
605175477 735997140
222508509 246223382
347121639 818244203
587148427 634735850
697940531 908787906
859619129 353921102
402489568 237869604
744924850 201816101
431638736 827330497
547154047 342543088
650770402 280427043
343032178 933824517
309262646 483582490
856213085 674830594
234515931 574850124
364783513 106787056
546049241 495166143
986425385 883152516
595149897 634206016
660840548 126079270
752111344 998976884
330630695 232013528
106565255 699163610
132745499 118202847
164759119 783731936
926416865 535787971
734598411 464158556
991484042 575591545
219049914 230292321
911473703 865665771
771471586 634058132
906578543 475316888
246240028 301962464
263182895 207151638
953213140 477520260
431520595 152836293
612938458 587112172
918042516 350372105
784629412 100818251
515997051 742453878
941703322 186186729
198893922 654927516
721048280 826678895
731453510 273810223
660414100 709179955
481461272 220437476
327024678 521306484
235587836 658884829
311070584 795528250
879796204 329574388
909454418 904641920
586300037 500397784
143241377 861403380
383249796 957224647
428550145 310797136
210226253 816143493
685197753 603797368
766734180 138393398
781466784 123458783
302460786 264495149
918325590 624912192
779521553 397699624
467400697 716878952
588303926 195515008
890735468 449417750
488987144 173017059
754549366 107677544
753037338 452415538
704690244 192400349
743408744 475707021
839973272 699620237
