100
74 103
268 660
72 134
503 95
325 938
49 619
254 811
535 541
316 978
16 675
809 520
951 262
205 387
408 860
984 70
896 503
638 430
321 854
572 849
374 630
409 658
581 768
973 530
590 623
537 571
432 410
292 195
947 314
85 941
123 266
819 911
597 333
730 103
688 765
536 102
921 595
986 517
887 291
150 685
499 513
586 87
264 532
626 347
273 301
463 77
82 85
563 524
170 322
754 599
419 331
809 536
538 400
46 680
504 618
315 774
230 864
419 722
212 561
845 316
190 600
178 439
870 706
500 333
583 751
502 207
295 51
155 69
703 12
122 747
116 486
17 931
107 967
208 493
478 958
39 570
546 821
654 62
19 568
543 426
914 481
593 887
131 63
723 486
335 319
556 144
228 742
633 288
682 737
288 559
501 868
680 841
920 926
47 956
545 425
402 501
374 584
247 323
943 226
864 883
798 920
